0000 90 b1 1c 40 39 8f 00 27 13 53 96 29 08 00 45 00
0010 00 22 74 3e 40 00 40 11 b4 67 86 3b 83 ac 86 3b
0020 82 02 95 d9 00 07 00 0e 12 45 68 65 6c 6c 6f 0a

0000 90 b1 1c 40 39 8f 00 27 13 53 96 29 08 00 45 00
0010 00 22 75 4a 40 00 40 11 b3 5b 86 3b 83 ac 86 3b
0020 82 02 95 d9 00 07 00 0e 12 45 73 79 6d 70 61 0a

0000 90 b1 1c 40 39 8f 00 27 13 53 96 29 08 00 45 00
0010 00 20 76 6b 40 00 40 11 b2 3c 86 3b 83 ac 86 3b
0020 82 02 95 d9 00 07 00 0c 12 43 63 65 74 0a

0000 90 b1 1c 40 39 8f 00 27 13 53 96 29 08 00 45 00
0010 00 20 76 83 40 00 40 11 b2 24 86 3b 83 ac 86 3b
0020 82 02 95 d9 00 07 00 0c 12 43 65 78 6f 0a

0000 90 b1 1c 40 39 8f 00 27 13 53 96 29 08 00 45 00
0010 00 21 7b 94 40 00 40 11 ad 12 86 3b 83 ac 86 3b
0020 82 02 95 d9 00 07 00 0d 12 44 6e 6f 6e 3f 0a
