0000 90 b1 1c 40 39 8f 00 27 13 53 96 29 08 00 45 00
0010 00 22 74 3e 40 00 40 11 b4 67 86 3b 83 ac 86 3b
0020 82 02 95 d9 00 07 00 0e 12 45 68 65 6c 6c 6f 0a

0000 90 b1 1c 40 39 8f 00 27 13 53 96 29 08 00 45 00
0010 00 22 75 4a 40 00 40 11 b3 5b 86 3b 83 ac 86 3b
0020 82 02 95 d9 00 07 00 0e 12 45 73 79 6d 70 61 0a

0000 90 b1 1c 40 39 8f 00 27 13 53 96 29 08 00 45 00
0010 00 20 76 6b 40 00 40 11 b2 3c 86 3b 83 ac 86 3b
0020 82 02 95 d9 00 07 00 0c 12 43 63 65 74 0a

0000 90 b1 1c 40 39 8f 00 27 13 53 96 29 08 00 45 00
0010 00 20 76 83 40 00 40 11 b2 24 86 3b 83 ac 86 3b
0020 82 02 95 d9 00 07 00 0c 12 43 65 78 6f 0a

0000 90 b1 1c 40 39 8f 00 27 13 53 96 29 08 00 45 00
0010 00 21 7b 94 40 00 40 11 ad 12 86 3b 83 ac 86 3b
0020 82 02 95 d9 00 07 00 0d 12 44 6e 6f 6e 3f 0a

0000 ff ff ff ff ff ff 00 02 b3 da d5 11 08 06 00 01
0010 08 00 06 04 00 01 00 02 b3 da d5 11 89 8c 04 70
0020 00 00 00 00 00 00 89 8c 04 6e 00 00 00 00 00 00
0030 00 00 00 00 00 00 00 00 00 00 00 00

0000 00 02 b3 da d5 11 00 02 b3 e6 ac 28 08 06 00 01
0010 08 00 06 04 00 02 00 02 b3 e6 ac 28 89 8c 04 6e
0020 00 02 b3 da d5 11 89 8c 04 70

0000 38 c9 86 2d 92 61 00 e0 4c 36 1c 43 86 dd 60 04
0010 82 45 00 10 3a 40 20 01 0d b8 00 01 00 00 00 00
0020 00 00 00 00 00 01 20 01 0d b8 00 02 00 00 00 00
0030 00 00 00 00 00 02 80 00 31 e7 21 c1 00 07 5c 98
0040 25 e4 00 02 4e 0f

0000  ff ff ff ff ff ff 00 0c 29 02 96 25 08 42 00 01
0010  01 01 01 01 01 01 00 0c 29 03 d0 1b
